TEST 1 ARG:59 36 37 46 6 33 10 41 14 56 60 47 16 61 17 18 4 35 51 52 40 30 62 28 50 29 19 22 2 32 31 3 44 45 5 12 38 11 26 1 25 57 7 48 34 42 63 23 55 8 49 9 24 43 54 0 27 58 15 20 13 39 21 53
TEST 2 ARG:44 18 47 21 63 26 60 42 20 32 9 3 2 36 59 51 5 57 11 41 7 33 43 24 14 62 55 38 22 27 35 16 6 37 23 10 19 12 39 46 40 28 15 54 1 49 30 50 52 4 31 45 25 48 13 8 34 56 0 29 61 53 58 17
TEST 3 ARG:43 1 24 52 63 3 45 35 2 61 50 11 5 57 37 22 42 27 18 48 29 31 55 25 47 53 21 6 59 34 44 17 33 12 30 38 51 16 15 28 41 19 10 7 62 20 36 8 26 46 0 54 13 4 40 14 49 58 9 60 56 32 23 39
TEST 4 ARG:1 32 33 11 46 35 17 31 22 10 9 27 37 25 48 23 14 24 52 63 20 62 29 36 47 58 59 40 26 2 7 39 3 45 15 42 56 41 5 55 19 8 4 60 13 49 6 54 61 51 0 50 30 43 21 44 28 18 53 34 12 38 57 16
TEST 5 ARG:61 20 18 8 54 9 33 41 50 47 14 51 25 19 5 46 53 55 4 44 28 13 6 60 58 42 2 52 38 22 1 27 31 59 24 40 43 39 21 57 15 35 26 56 49 30 12 36 37 29 10 3 0 45 48 7 34 62 11 63 32 23 16 17
TEST LEAKS 5 ARG:61 20 18 8 54 9 33 41 50 47 14 51 25 19 5 46 53 55 4 44 28 13 6 60 58 42 2 52 38 22 1 27 31 59 24 40 43 39 21 57 15 35 26 56 49 30 12 36 37 29 10 3 0 45 48 7 34 62 11 63 32 23 16 17
TEST 1 ARG:38 29 26 28 12 56 41 34 15 64 16 27 6 14 36 42 4 61 48 20 10 52 1 63 35 22 30 9 47 11 60 17 24 54 59 46 39 62 33 0 8 21 51 2 37 44 43 18 45 50 32 5 31 13 7 53 58 55 23 19 25 49 40 57 3
TEST 2 ARG:8 21 33 11 35 52 62 36 1 51 57 47 3 30 25 48 24 22 64 5 59 20 40 14 49 9 12 10 63 17 45 58 6 13 7 60 23 41 53 16 46 29 28 0 34 61 4 39 56 15 19 38 26 31 54 50 37 27 2 43 42 18 44 55 32
TEST 3 ARG:16 47 40 58 45 0 1 5 2 29 34 62 50 7 55 8 6 60 14 63 48 54 18 27 10 30 61 20 52 22 38 25 4 23 41 57 32 31 43 42 37 11 51 64 9 36 26 49 33 15 12 13 35 21 24 53 56 3 28 39 19 17 59 46 44
TEST 4 ARG:27 55 5 41 59 30 53 47 6 4 40 21 60 50 37 15 46 64 63 2 61 25 16 14 17 57 35 48 11 20 19 23 9 28 44 51 3 56 32 12 62 29 8 10 1 45 33 38 36 49 24 7 52 58 43 26 42 39 34 54 31 22 0 18 13
TEST 5 ARG:43 51 41 64 59 35 1 7 14 5 44 49 56 23 10 47 16 57 26 46 20 38 45 39 2 8 62 55 63 33 22 15 6 25 31 48 42 50 11 4 36 28 52 32 13 0 3 19 37 58 12 17 29 54 30 61 21 53 27 24 40 9 18 34 60
TEST LEAKS 5 ARG:43 51 41 64 59 35 1 7 14 5 44 49 56 23 10 47 16 57 26 46 20 38 45 39 2 8 62 55 63 33 22 15 6 25 31 48 42 50 11 4 36 28 52 32 13 0 3 19 37 58 12 17 29 54 30 61 21 53 27 24 40 9 18 34 60
TEST 1 ARG:62 36 11 39 16 24 40 13 38 7 55 35 8 46 23 1 12 51 28 60 0 45 59 58 64 48 21 61 65 47 30 57 29 14 43 33 54 27 19 17 56 4 2 34 26 22 53 9 5 25 42 6 3 15 44 63 50 32 37 49 31 10 20 18 41 52
TEST 2 ARG:24 29 56 48 10 47 16 28 27 52 14 23 34 44 3 17 5 20 9 62 35 58 25 39 32 55 12 21 49 65 38 7 40 63 60 30 4 51 8 1 41 19 22 59 57 53 42 31 64 2 37 36 13 46 54 50 45 15 6 61 33 26 11 0 18 43
TEST 3 ARG:4 41 60 34 3 48 35 46 20 17 25 8 54 52 43 13 47 22 23 29 65 64 44 39 24 32 1 56 38 49 58 21 14 5 30 10 53 27 61 33 63 28 51 42 45 50 55 7 40 59 9 0 31 26 62 36 6 16 57 12 11 37 18 2 15 19
TEST 4 ARG:25 50 24 0 5 30 53 10 54 18 11 61 29 17 41 57 3 13 19 51 59 63 42 38 39 34 6 12 62 36 60 35 33 44 7 49 4 47 40 21 65 43 22 26 45 27 15 2 32 28 56 8 55 31 48 14 9 23 58 37 64 1 46 16 20 52
TEST 5 ARG:0 7 49 36 34 42 5 12 51 60 17 6 21 32 13 47 35 53 15 19 43 63 56 23 62 31 2 41 64 1 40 58 22 3 9 16 50 20 14 8 45 48 59 52 55 38 28 25 57 33 10 24 30 61 29 65 4 39 11 37 26 46 27 54 44 18
TEST LEAKS 5 ARG:0 7 49 36 34 42 5 12 51 60 17 6 21 32 13 47 35 53 15 19 43 63 56 23 62 31 2 41 64 1 40 58 22 3 9 16 50 20 14 8 45 48 59 52 55 38 28 25 57 33 10 24 30 61 29 65 4 39 11 37 26 46 27 54 44 18
TEST 1 ARG:5 59 56 52 58 21 20 53 8 57 39 48 27 50 51 3 15 32 26 49 54 44 60 35 10 36 62 41 7 38 19 29 14 63 1 61 28 40 66 2 9 16 65 0 30 34 47 18 13 45 31 23 12 4 43 64 37 33 17 6 55 11 25 46 24 42 22
TEST 2 ARG:51 62 10 8 63 34 16 50 57 40 27 5 48 53 15 6 37 38 41 22 55 35 23 24 52 9 14 26 45 56 58 66 61 19 2 25 64 20 49 31 17 18 30 33 3 46 65 59 36 4 13 42 28 39 7 60 43 1 12 44 54 21 29 11 47 32 0
TEST 3 ARG:62 42 25 63 54 60 43 36 26 20 55 40 5 31 16 22 28 34 15 49 47 33 11 2 44 13 66 30 41 19 51 6 52 8 12 1 64 38 27 59 18 0 65 61 39 7 21 37 9 50 35 17 23 10 4 53 58 45 29 24 3 56 14 32 48 46 57
TEST 4 ARG:20 58 2 5 22 4 59 62 9 42 66 25 39 12 0 21 47 27 13 55 48 38 65 63 16 26 40 33 30 61 32 49 10 3 14 45 60 31 1 34 17 29 35 23 50 6 56 36 24 44 57 15 53 46 18 52 54 8 64 7 51 19 11 28 43 37 41
TEST 5 ARG:50 27 5 52 55 12 18 28 39 37 8 23 20 30 44 31 2 26 57 62 59 58 29 56 24 49 42 65 0 46 25 10 38 9 41 15 40 13 63 35 34 1 4 3 47 21 43 16 66 11 19 17 64 22 48 54 14 45 53 33 51 61 6 7 36 32 60
TEST LEAKS 5 ARG:50 27 5 52 55 12 18 28 39 37 8 23 20 30 44 31 2 26 57 62 59 58 29 56 24 49 42 65 0 46 25 10 38 9 41 15 40 13 63 35 34 1 4 3 47 21 43 16 66 11 19 17 64 22 48 54 14 45 53 33 51 61 6 7 36 32 60
TEST 1 ARG:43 7 23 1 24 54 2 37 6 12 21 56 47 28 9 27 34 58 63 25 15 45 3 48 5 22 49 13 30 52 55 31 38 66 61 10 57 16 42 14 29 41 32 60 33 62 0 8 67 11 46 50 17 19 59 18 36 51 44 53 65 39 35 64 26 20 4 40
TEST 2 ARG:5 13 44 45 16 35 48 0 7 14 1 12 21 54 49 24 9 19 40 65 47 52 42 33 30 22 67 28 11 46 43 58 18 27 15 17 32 61 63 31 64 2 51 23 37 41 26 60 55 3 38 29 62 66 36 20 6 34 39 8 10 59 57 25 4 53 50 56
TEST 3 ARG:11 51 67 22 46 25 62 4 21 43 28 3 60 41 48 50 65 13 14 54 57 10 30 58 55 16 52 40 45 7 1 26 47 5 34 23 27 42 15 31 0 19 6 59 63 56 18 36 29 9 12 49 35 38 44 39 64 20 2 37 33 61 24 8 17 53 66 32
TEST 4 ARG:25 41 2 27 23 28 34 52 26 20 44 38 24 51 3 5 1 37 14 13 40 54 18 0 55 11 19 50 60 9 31 29 6 15 7 22 35 4 64 66 39 48 61 47 49 62 53 12 32 30 36 45 56 65 21 43 42 8 67 17 58 33 10 57 16 59 63 46
TEST 5 ARG:50 44 67 66 51 47 11 53 15 9 19 35 28 43 49 23 65 59 31 63 26 24 64 5 42 40 34 56 41 45 30 57 60 58 38 21 39 25 3 10 27 33 6 62 20 12 8 13 7 52 18 16 37 1 48 17 36 4 46 0 32 61 14 54 29 22 55 2
TEST LEAKS 5 ARG:50 44 67 66 51 47 11 53 15 9 19 35 28 43 49 23 65 59 31 63 26 24 64 5 42 40 34 56 41 45 30 57 60 58 38 21 39 25 3 10 27 33 6 62 20 12 8 13 7 52 18 16 37 1 48 17 36 4 46 0 32 61 14 54 29 22 55 2
TEST 1 ARG:8 44 64 48 29 53 5 67 26 60 25 57 38 27 61 34 37 56 42 41 30 65 59 32 9 0 33 31 18 1 6 39 51 11 36 63 49 45 22 12 68 28 24 13 35 23 54 10 40 55 17 20 21 16 7 2 43 14 19 62 66 50 47 4 15 3 46 52 58
TEST 2 ARG:47 64 1 18 12 2 42 4 67 59 10 50 44 48 19 51 3 49 56 14 6 15 45 58 36 66 29 16 43 68 11 30 25 65 31 17 9 46 60 28 57 21 20 40 54 52 35 7 32 61 26 62 34 22 33 37 53 41 63 24 8 38 39 5 0 23 13 27 55
TEST 3 ARG:13 34 56 59 25 54 41 60 36 50 19 23 20 61 46 15 57 30 48 9 10 64 18 12 37 39 43 68 62 44 28 51 66 31 29 21 65 35 16 22 52 6 63 33 4 3 24 0 38 47 5 7 11 26 58 27 2 53 42 55 67 49 32 8 1 45 17 40 14
TEST 4 ARG:25 9 8 18 50 27 24 11 63 40 7 52 3 65 30 42 20 23 38 44 32 1 13 47 6 28 66 64 57 2 43 36 60 41 33 49 29 68 51 0 35 26 19 16 67 21 31 46 34 10 53 62 15 48 61 58 37 59 45 56 14 12 39 22 5 54 55 4 17
TEST 5 ARG:9 28 33 17 54 21 8 26 43 31 36 6 10 27 52 57 51 7 39 3 49 53 55 60 5 13 59 67 58 12 15 18 56 41 32 45 46 22 42 25 65 40 34 2 11 30 29 19 37 4 68 14 24 16 1 0 20 47 62 50 48 35 44 38 64 66 61 63 23
TEST LEAKS 5 ARG:9 28 33 17 54 21 8 26 43 31 36 6 10 27 52 57 51 7 39 3 49 53 55 60 5 13 59 67 58 12 15 18 56 41 32 45 46 22 42 25 65 40 34 2 11 30 29 19 37 4 68 14 24 16 1 0 20 47 62 50 48 35 44 38 64 66 61 63 23
TEST 1 ARG:12 16 30 22 55 11 34 53 19 66 50 1 27 44 6 45 31 13 48 68 33 42 10 26 29 24 35 7 51 46 14 37 36 56 43 40 20 64 15 21 38 47 8 60 63 57 25 3 17 5 69 52 41 32 67 18 9 54 4 62 49 65 58 0 28 39 59 23 2 61
TEST 2 ARG:27 2 55 14 62 12 64 43 36 66 5 31 22 32 30 53 68 65 48 15 11 69 26 58 33 24 56 9 25 28 18 34 38 23 13 51 61 19 8 1 0 44 16 49 7 6 10 46 45 54 52 60 63 67 47 50 39 40 17 4 57 21 37 41 3 59 35 29 20 42
TEST 3 ARG:58 19 17 40 52 2 25 39 65 5 30 15 46 44 60 64 48 36 16 31 37 1 49 54 55 47 23 63 12 41 20 13 34 35 69 8 27 38 32 29 14 66 50 67 43 22 68 21 11 9 0 42 6 3 59 33 56 62 51 7 53 57 24 10 26 61 4 28 18 45
TEST 4 ARG:14 22 18 7 61 10 26 35 64 3 65 4 55 38 32 62 59 6 5 56 13 42 12 46 41 30 50 47 0 17 24 54 68 43 15 66 21 27 33 60 19 44 31 45 53 39 34 29 58 2 69 37 40 49 8 25 11 9 52 63 67 48 23 57 1 36 51 20 28 16
TEST 5 ARG:38 1 6 51 45 34 54 29 8 15 5 11 2 57 66 30 24 49 0 58 60 33 16 64 53 31 35 56 7 62 63 3 52 43 46 48 12 26 41 13 17 25 27 40 42 4 68 10 21 59 65 32 67 22 55 9 39 23 20 44 50 19 61 28 47 14 18 69 37 36
TEST LEAKS 5 ARG:38 1 6 51 45 34 54 29 8 15 5 11 2 57 66 30 24 49 0 58 60 33 16 64 53 31 35 56 7 62 63 3 52 43 46 48 12 26 41 13 17 25 27 40 42 4 68 10 21 59 65 32 67 22 55 9 39 23 20 44 50 19 61 28 47 14 18 69 37 36
TEST 1 ARG:57 4 42 20 68 38 33 36 28 65 25 9 24 66 18 23 31 15 34 6 21 49 60 46 19 29 30 12 0 55 64 13 32 1 10 5 11 69 52 59 50 17 67 26 62 61 16 54 48 58 2 47 63 53 27 40 51 70 43 22 44 35 56 3 14 39 41 7 45 37 8
TEST 2 ARG:53 59 43 4 5 20 51 37 38 41 40 27 54 16 12 70 26 34 8 14 19 60 7 50 24 44 11 66 32 39 30 61 21 28 29 42 45 69 25 13 9 67 1 33 47 18 68 56 65 62 15 48 3 6 17 49 58 46 57 31 55 2 63 35 23 64 52 36 10 0 22
TEST 3 ARG:40 27 9 55 35 6 19 39 60 11 34 8 58 59 54 20 48 12 31 53 18 3 43 7 56 17 16 70 57 13 51 36 64 42 52 32 23 10 65 67 22 47 69 30 24 21 1 37 63 44 29 33 5 0 14 50 62 2 46 66 61 15 25 68 28 4 41 49 45 26 38
TEST 4 ARG:28 52 37 50 23 66 68 15 32 6 17 57 25 53 3 58 31 60 5 48 63 40 41 19 29 0 21 9 65 18 54 26 4 10 20 13 44 7 27 36 16 55 22 69 42 59 24 14 56 11 12 43 67 33 8 30 1 61 45 34 39 46 2 64 70 62 35 38 49 51 47
TEST 5 ARG:67 38 51 41 45 44 20 17 32 22 24 1 4 9 34 43 12 37 28 47 42 2 21 36 33 23 65 57 27 26 59 53 10 13 16 6 35 25 11 64 50 29 56 15 46 5 68 69 58 18 8 62 61 49 60 70 3 0 31 52 55 54 48 7 14 19 63 40 66 39 30
TEST LEAKS 5 ARG:67 38 51 41 45 44 20 17 32 22 24 1 4 9 34 43 12 37 28 47 42 2 21 36 33 23 65 57 27 26 59 53 10 13 16 6 35 25 11 64 50 29 56 15 46 5 68 69 58 18 8 62 61 49 60 70 3 0 31 52 55 54 48 7 14 19 63 40 66 39 30
TEST 1 ARG:44 37 70 48 5 20 22 62 52 19 26 28 56 47 0 49 11 60 7 54 63 38 8 69 17 67 42 2 71 36 57 13 39 9 16 4 6 1 68 31 18 55 34 35 27 14 3 40 59 51 15 10 43 25 58 12 21 33 66 65 41 46 50 23 29 24 30 61 32 64 45 53
TEST 2 ARG:18 13 24 48 49 31 27 37 42 69 66 62 71 46 23 63 6 12 57 10 8 65 19 38 20 16 47 26 30 1 68 33 21 32 40 5 0 67 41 22 17 36 2 29 55 4 15 43 50 53 28 64 59 3 7 25 52 14 39 51 60 35 61 9 34 11 56 70 45 44 54 58
